1.000000000 0.000000000 0.000000000 0.000000000 0.000000000 1.000000000 0.000000000 0.000000000 0.000000000 0.000000000 1.000000000 0.000000000
0.999033749 -0.000383931 0.043947294 0.043757401 0.000482733 0.999997318 -0.002237591 -0.022767723 -0.043946315 0.002256645 0.999031305 1.025345445
0.996007085 -0.004655770 0.089152806 0.136745393 0.005318509 0.999959946 -0.007197642 -0.041583911 -0.089115724 0.007643063 0.995991945 2.049587965
0.990841746 -0.003882196 0.134971797 0.270524561 0.005460194 0.999920964 -0.011323107 -0.063874401 -0.134917155 0.011956381 0.990784764 3.059684753
0.983560324 -0.001583675 0.180573016 0.454044968 0.004073881 0.999901652 -0.013420542 -0.094807692 -0.180533975 0.013935545 0.983470023 4.068335056
0.974050522 -0.004154579 0.226292476 0.690124989 0.007374691 0.999883175 -0.013386334 -0.125444666 -0.226210430 0.014707807 0.973967433 5.067726612
0.962412417 -0.004746979 0.271550715 0.966713607 0.009058836 0.999851942 -0.014627323 -0.155687988 -0.271441042 0.016537450 0.962312937 6.066838264
0.948829234 -0.007195785 0.315707713 1.287945271 0.013325206 0.999762237 -0.017260501 -0.188586265 -0.315508395 0.020584138 0.948699474 7.047973633
0.933653474 -0.008701790 0.358071506 1.662946463 0.016640313 0.999679208 -0.019094763 -0.218880385 -0.357790440 0.023786321 0.933498919 8.005643845
0.916512787 -0.008909920 0.399906039 2.075405598 0.018453704 0.999629259 -0.020020796 -0.250444770 -0.399579376 0.025729064 0.916337550 8.933405876
0.896747649 -0.009025662 0.442450225 2.538707733 0.019136390 0.999647677 -0.018393096 -0.289236039 -0.442128330 0.024960868 0.896604419 9.884151459
0.874969780 -0.008825104 0.484097123 3.023077488 0.019734081 0.999653101 -0.017444201 -0.324430764 -0.483775228 0.024816357 0.874840438 10.753696442
0.851017237 -0.009040861 0.525059879 3.568247795 0.020699043 0.999652267 -0.016336279 -0.357294858 -0.524729609 0.024770683 0.850908458 11.643675804
0.825430989 -0.009377044 0.564425170 4.140214920 0.022558037 0.999611318 -0.016382514 -0.390457392 -0.564052105 0.026254956 0.825321615 12.483409882
0.798131466 -0.011059158 0.602381706 4.772546291 0.025899285 0.999536932 -0.015964955 -0.428102195 -0.601926386 0.028343383 0.798048556 13.313203812
0.769312322 -0.009952486 0.638795316 5.413666725 0.026425697 0.999518633 -0.016252344 -0.464239895 -0.638326168 0.029383739 0.769205034 14.087336540
0.738772750 -0.013193904 0.673825502 6.120477200 0.031459358 0.999393642 -0.014922875 -0.498538971 -0.673219979 0.032222737 0.738739848 14.851506233
0.706757665 -0.012458089 0.707345963 6.840804577 0.031872891 0.999390364 -0.014244680 -0.529734015 -0.706737280 0.032612696 0.706723988 15.559688568
0.672662437 -0.011079527 0.739866495 7.614192963 0.032930914 0.999345422 -0.014974484 -0.565900326 -0.739216268 0.034437258 0.672587037 16.269256592
0.637144685 -0.012482545 0.770643115 8.395574570 0.037797462 0.999171793 -0.015065660 -0.592538834 -0.769816935 0.038727362 0.637088835 16.906026840
0.600271225 -0.010424172 0.799728572 9.208024979 0.037443861 0.999184906 -0.015081110 -0.623493791 -0.798919559 0.038997684 0.600172281 17.527822495
0.562422693 -0.008977719 0.826801181 10.036018372 0.040109400 0.999060154 -0.016435815 -0.653551936 -0.825876534 0.042406376 0.562254131 18.092723846
0.523772657 -0.007628765 0.851823926 10.909393311 0.044917021 0.998816192 -0.018673545 -0.685822606 -0.850673079 0.048042074 0.523495257 18.619617462
0.485173643 -0.006390244 0.874394536 11.783419609 0.046408065 0.998752117 -0.018451279 -0.706619024 -0.873185456 0.049531016 0.484864771 19.101604462
0.446350813 -0.008446935 0.894818187 12.697267532 0.051456995 0.998543084 -0.016241567 -0.740785539 -0.893377304 0.053294100 0.446135223 19.557800293
0.409499884 -0.009003740 0.912265718 13.618554115 0.055404507 0.998351157 -0.015016733 -0.765244484 -0.910626233 0.056692991 0.409323543 19.953662872
0.374344110 -0.006486315 0.927267194 14.564327240 0.056914095 0.998250961 -0.015993757 -0.791521549 -0.925541580 0.058761742 0.374058545 20.326822281
0.341069549 -0.007399035 0.940008938 15.541837692 0.057575312 0.998256087 -0.013032906 -0.815637469 -0.938273251 0.058566429 0.340900749 20.674036026
0.307634592 -0.009056477 0.951461494 16.519948959 0.060008738 0.998148739 -0.009901660 -0.837496936 -0.949610412 0.060142096 0.307608426 20.978555679
0.274812251 -0.008940004 0.961456358 17.535161972 0.060500864 0.998135924 -0.008011845 -0.860697627 -0.959592581 0.060370695 0.274840862 21.264484406
0.242705643 -0.006156878 0.970080435 18.540987015 0.057992518 0.998283565 -0.008173344 -0.884849370 -0.968365014 0.058241125 0.242646113 21.514415741
0.211671233 -0.004449133 0.977330804 19.571140289 0.057710972 0.998301625 -0.007954497 -0.897320271 -0.975635648 0.058086440 0.211568505 21.738515854
0.181048229 -0.004522325 0.983463824 20.627004623 0.059731610 0.998193920 -0.006406076 -0.920737505 -0.981658638 0.059903685 0.180991367 21.925804138
0.150532350 -0.004487765 0.988594890 21.701614380 0.061302934 0.998107672 -0.004803588 -0.928843796 -0.986702561 0.061326869 0.150522575 22.081201553
0.119926892 -0.005264346 0.992768705 22.791160583 0.059614997 0.998219550 -0.001908266 -0.944065928 -0.990991235 0.059412759 0.120027207 22.213775635
0.090758413 -0.005581330 0.995857239 23.888172150 0.060377687 0.998175621 0.000091744 -0.954864323 -0.994040966 0.060119227 0.090929829 22.309253693
0.063801706 -0.005222842 0.997948945 25.010622025 0.063157707 0.998002827 0.001185269 -0.958229184 -0.995962024 0.062952571 0.064004153 22.371568680
0.038602918 -0.004858026 0.999242842 26.147012711 0.067081742 0.997745037 0.002259231 -0.969757915 -0.997000456 0.066943727 0.038841750 22.409002304
0.015885254 -0.004448046 0.999863923 27.322118759 0.071189582 0.997457266 0.003306321 -0.973328829 -0.997336328 0.071127370 0.016161516 22.419767380
-0.004141137 -0.004348453 0.999981999 28.481019974 0.077409379 0.996988475 0.004656004 -0.971583426 -0.996990800 0.077427268 -0.003792055 22.404123306
-0.021536404 -0.005043210 0.999755263 29.671680450 0.081774265 0.996627748 0.006788989 -0.977867365 -0.996418178 0.081900455 -0.021051371 22.357484818
-0.037133973 -0.004546667 0.999299943 30.880704880 0.085124709 0.996340513 0.007696436 -0.969395995 -0.995678067 0.085350923 -0.036611050 22.304580688
-0.051234558 -0.005240336 0.998672903 32.079818726 0.087591738 0.996109009 0.009720570 -0.967940509 -0.994837999 0.087973520 -0.050576203 22.234256744
-0.064430661 -0.006463170 0.997901261 33.303989410 0.087680168 0.996075153 0.012112516 -0.970052838 -0.994062841 0.088276573 -0.063611083 22.150501251
-0.076218508 -0.006031151 0.997072875 34.502258301 0.087693051 0.996066213 0.012728515 -0.963345051 -0.993227541 0.088406488 -0.075389773 22.056165695
-0.087367304 -0.003439289 0.996170163 35.728565216 0.087691911 0.996085405 0.011129857 -0.963908911 -0.992308974 0.088328466 -0.086723700 21.950038910
-0.096960194 0.000022886 0.995288253 36.968097687 0.088159844 0.996069491 0.008565558 -0.952951312 -0.991376102 0.088574961 -0.096581116 21.816329956
-0.106485568 0.002611862 0.994310796 38.234325409 0.089584470 0.995954812 0.006977855 -0.949552536 -0.990270317 0.089817844 -0.106288806 21.691276550
-0.114103496 0.003818026 0.993461549 39.525257111 0.089089699 0.996003032 0.006404559 -0.939293444 -0.989466250 0.089237973 -0.113987572 21.551605225
-0.119083181 0.004614413 0.992873490 40.835853577 0.089106821 0.996003747 0.006058325 -0.933366477 -0.988877654 0.089193262 -0.119018458 21.380367279
-0.124165565 0.006354649 0.992241144 42.160125732 0.090460420 0.995887756 0.004941895 -0.926164627 -0.988129437 0.090372153 -0.124229811 21.222324371
-0.128352791 0.007732539 0.991698384 43.497764587 0.089531377 0.995976686 0.003821902 -0.926872611 -0.987678945 0.089278676 -0.128528699 21.045225143
-0.132845402 0.008773228 0.991097987 44.875801086 0.090144873 0.995923400 0.003266952 -0.919990063 -0.987028897 0.089776397 -0.133094698 20.875030518
-0.135060295 0.007456373 0.990809321 46.246368408 0.090344749 0.995898902 0.004820495 -0.925777912 -0.986709952 0.090165481 -0.135180011 20.686887741
-0.137818813 0.005280332 0.990443408 47.679649353 0.091172293 0.995807827 0.007377565 -0.930256486 -0.986252248 0.091317773 -0.137722462 20.491287231
-0.139156297 0.004605511 0.990259707 49.091693878 0.091674604 0.995754778 0.008251512 -0.918233097 -0.986017883 0.091929905 -0.138987795 20.280570984
-0.140669733 0.005751754 0.990039825 50.523887634 0.094124369 0.995531499 0.007589998 -0.906418681 -0.985572159 0.094254561 -0.140582561 20.074287415
-0.141702220 0.005635278 0.989893436 51.991855621 0.094498992 0.995493948 0.007860275 -0.894821525 -0.985388458 0.094657734 -0.141596213 19.852907181
-0.141778737 0.007058206 0.989873230 53.463928223 0.096958824 0.995265245 0.006790685 -0.886142254 -0.985138416 0.096939728 -0.141791821 19.635831833
-0.141547322 0.007247451 0.989904940 54.963321686 0.096511960 0.995310485 0.006513295 -0.877854884 -0.985215545 0.096459612 -0.141583011 19.414907455
-0.140647203 0.008883623 0.990019858 56.477733612 0.096488900 0.995322585 0.004776495 -0.869118094 -0.985346794 0.096197754 -0.140846521 19.196445465
-0.139479771 0.008909282 0.990184844 58.012763977 0.097044401 0.995268941 0.004714873 -0.863364935 -0.985458255 0.096749514 -0.139684469 18.982564926
-0.137599096 0.007735743 0.990457773 59.573097229 0.096844688 0.995283306 0.005680697 -0.865281522 -0.985742152 0.096702248 -0.137699276 18.759897232
-0.136330068 0.008819691 0.990624189 61.154895782 0.097961240 0.995179474 0.004621219 -0.857051969 -0.985808074 0.097672805 -0.136536896 18.541690826
-0.135150269 0.009459599 0.990779936 62.746681213 0.097587854 0.995219648 0.003809773 -0.851836920 -0.986007631 0.097202986 -0.135427341 18.327726364
-0.133909002 0.010267548 0.990940452 64.353439331 0.098915823 0.995091259 0.003056263 -0.851007402 -0.986044586 0.098428957 -0.134267271 18.105392456
-0.132219478 0.010234378 0.991167605 65.994758606 0.098804943 0.995102584 0.002905346 -0.845576882 -0.986283720 0.098316416 -0.132583186 17.880729675
-0.131132931 0.008695893 0.991326630 67.648139954 0.101115517 0.994863749 0.004648666 -0.845297933 -0.986194611 0.100848086 -0.131338745 17.653148651
-0.130307466 0.006805461 0.991450250 69.328010559 0.102970123 0.994661987 0.006705977 -0.842944920 -0.986112118 0.102963597 -0.130312666 17.429946899
-0.129284963 0.007613596 0.991578281 71.015068054 0.104361661 0.994521558 0.005970797 -0.843946099 -0.986100316 0.104254700 -0.129371271 17.206954956
-0.128039315 0.010025455 0.991718352 72.687759399 0.106770381 0.994276702 0.003733653 -0.833160520 -0.986005068 0.106364205 -0.128376916 16.990409851
-0.126627818 0.009908287 0.991900742 74.390998840 0.106176563 0.994340658 0.003622033 -0.831955910 -0.986251414 0.105775274 -0.126963228 16.763519287
-0.125902340 0.010030908 0.991991937 76.142791748 0.106331155 0.994324744 0.003440918 -0.825555444 -0.986327589 0.105912887 -0.126254439 16.539398193
-0.125154361 0.008800096 0.992098391 77.871711731 0.106464326 0.994305849 0.004610921 -0.828253329 -0.986408532 0.106200151 -0.125378594 16.314521790
-0.124672733 0.009059737 0.992156565 79.592292786 0.108096711 0.994130194 0.004505489 -0.830723047 -0.986291945 0.107810557 -0.124920256 16.094406128
-0.124444209 0.009057782 0.992185175 81.359245300 0.109389514 0.993988037 0.004645875 -0.823551059 -0.986178279 0.109112844 -0.124686897 15.872049332
-0.124285169 0.010195724 0.992194176 83.111808777 0.110127449 0.993911028 0.003581523 -0.821885586 -0.986116111 0.109712929 -0.124651231 15.648635864
-0.124469422 0.011069285 0.992161691 84.919487000 0.109376542 0.993997037 0.002631828 -0.820347905 -0.986176491 0.108846821 -0.124932930 15.411094666
-0.125598222 0.011793987 0.992011070 86.723953247 0.108542368 0.994089961 0.001923813 -0.826466382 -0.986125588 0.107916862 -0.126136079 15.182334900
-0.127551556 0.012176463 0.991757214 88.524864197 0.107477851 0.994206190 0.001616376 -0.836337209 -0.985991418 0.106798120 -0.128121212 14.976988792
-0.128591761 0.011218197 0.991634190 90.346328735 0.106545478 0.994304478 0.002568052 -0.847136497 -0.985957503 0.105984367 -0.129054636 14.749588966
-0.129666030 0.011022963 0.991496444 92.181671143 0.106850557 0.994270802 0.002919912 -0.851242959 -0.985783815 0.106320575 -0.130100980 14.516027451
-0.130209982 0.010126301 0.991434753 94.036392212 0.104391344 0.994529963 0.003552312 -0.856155336 -0.985975564 0.103959739 -0.130554825 14.281510353
-0.132132173 0.010995442 0.991171062 95.870491028 0.104268439 0.994545043 0.002867067 -0.860442042 -0.985732794 0.103726707 -0.132557854 14.047190666
-0.134595990 0.011792354 0.990830302 97.739158630 0.103635244 0.994612873 0.002240606 -0.863827944 -0.985466242 0.102986515 -0.135092974 13.793056488
-0.138799086 0.012732040 0.990238667 99.617713928 0.103835866 0.994592905 0.001766367 -0.867178738 -0.984862030 0.103067465 -0.139370590 13.532383919
-0.143379405 0.011722731 0.989598274 101.500396729 0.101867579 0.994793534 0.002974959 -0.873233378 -0.984411120 0.101234540 -0.143827096 13.268984795
-0.148285672 0.011189483 0.988881230 103.406410217 0.100365870 0.994943380 0.003792080 -0.875920177 -0.983838439 0.099812225 -0.148658887 12.993051529
-0.152612790 0.011853725 0.988214970 105.315925598 0.099285752 0.995053172 0.003397222 -0.885144532 -0.983286262 0.098634109 -0.153034732 12.693800926
-0.157146737 0.013445473 0.987483740 107.216476440 0.099580765 0.995026827 0.002298961 -0.893946707 -0.982542038 0.098695658 -0.157704145 12.395732880
-0.161697596 0.015185483 0.986723483 109.156776428 0.099331088 0.995053947 0.000964021 -0.904593170 -0.981828511 0.098168202 -0.162406251 12.077402115
-0.166621491 0.015197000 0.985903800 111.093704224 0.097988665 0.995186746 0.001220369 -0.918647647 -0.981139839 0.096810736 -0.167308658 11.758834839
-0.171455652 0.015013517 0.985077441 113.036712646 0.096282393 0.995352805 0.001588119 -0.924819469 -0.980475664 0.095117912 -0.172104448 11.428840637
-0.175889090 0.014736032 0.984299660 115.004417419 0.094631299 0.995510340 0.002006244 -0.927645445 -0.979850948 0.093498439 -0.176493928 11.071413040
-0.182196692 0.013945053 0.983163238 116.930885315 0.093510740 0.995613039 0.003207468 -0.938107014 -0.978805423 0.092520699 -0.182701424 10.736881256
-0.187587559 0.013899829 0.982149541 118.914299011 0.094381601 0.995528281 0.003937426 -0.948198259 -0.977702916 0.093435459 -0.188060626 10.363197327
-0.193265051 0.015502035 0.981024086 120.855812073 0.094108164 0.995558023 0.002807923 -0.944002986 -0.976622880 0.092865050 -0.193865433 9.993394852
-0.198600918 0.016727977 0.979937673 122.818809509 0.093896553 0.995579839 0.002034722 -0.951331854 -0.975572169 0.092416860 -0.199293777 9.602659225
-0.204685286 0.016302686 0.978691995 124.809432983 0.093715027 0.995594501 0.003015469 -0.955134988 -0.974331260 0.092335358 -0.205311313 9.200775146
-0.210170195 0.016358886 0.977527916 126.802772522 0.092792213 0.995680094 0.003287826 -0.957752049 -0.973251283 0.091397986 -0.210780248 8.779590607
-0.215507820 0.017086605 0.976352632 128.783966064 0.091920018 0.995762289 0.002862989 -0.966113806 -0.972166181 0.090363346 -0.216165125 8.348459244
-0.220805898 0.017815130 0.975155056 130.793579102 0.090926647 0.995854735 0.002395382 -0.962386131 -0.971069992 0.089196496 -0.221510515 7.910255432
-0.225315124 0.017267106 0.974132895 132.783126831 0.092554994 0.995700479 0.003758388 -0.974650145 -0.969879746 0.091007672 -0.225944534 7.460460663
-0.229016051 0.017571261 0.973264039 134.786376953 0.094714530 0.995495081 0.004314390 -0.965527952 -0.968803823 0.093170322 -0.229648575 6.988407135
-0.232853740 0.018271120 0.972340107 136.789901733 0.095759623 0.995395482 0.004227944 -0.969362080 -0.967785716 0.094095416 -0.233531237 6.520654678
-0.235919654 0.018763443 0.971591413 138.794281006 0.095944218 0.995378375 0.004074141 -0.972615778 -0.967024565 0.094179749 -0.236629546 6.032337189
-0.239821106 0.018787501 0.970635235 140.834808350 0.095229886 0.995446205 0.004261320 -0.979836762 -0.966135144 0.093455441 -0.240518078 5.544364929
-0.243209928 0.019347252 0.969780803 142.846450806 0.094294935 0.995537102 0.003786999 -0.994921446 -0.965379417 0.092366464 -0.243948847 5.035846710
-0.247899666 0.020321906 0.968572557 144.868041992 0.093712635 0.995594442 0.003096257 -1.001644254 -0.964242578 0.091535054 -0.248711944 4.528755188
-0.251976222 0.019249270 0.967541993 146.897491455 0.091464549 0.995800257 0.004008573 -1.013772249 -0.963401377 0.089505859 -0.252678543 4.000038147
-0.256333739 0.019930659 0.966382802 148.941009521 0.092375316 0.995716333 0.003966988 -1.024738908 -0.962164044 0.090286799 -0.257076800 3.456501007
-0.261277497 0.020413004 0.965047836 150.995223999 0.091731153 0.995776653 0.003772347 -1.030336022 -0.960895121 0.089510582 -0.262046456 2.916748047
-0.266261160 0.020476937 0.963683367 153.044815063 0.091080748 0.995835483 0.004005059 -1.036648273 -0.959588110 0.088839397 -0.267017335 2.366878510
-0.270857930 0.019929813 0.962412953 155.086334229 0.091257833 0.995814383 0.005061767 -1.049295902 -0.958283842 0.089198731 -0.271543026 1.806655884
-0.275462300 0.020133048 0.961100996 157.149459839 0.091745280 0.995767593 0.005435988 -1.051567912 -0.956923842 0.089673907 -0.276143610 1.230068207
-0.279758453 0.020696454 0.959847331 159.226608276 0.092477821 0.995699644 0.005484199 -1.059576154 -0.955606103 0.090298824 -0.280469358 0.638374329
-0.283319831 0.022055702 0.958771825 161.292846680 0.093095317 0.995646536 0.004605961 -1.061804533 -0.954496264 0.090562113 -0.284139693 0.032119751
-0.287001163 0.023472048 0.957642496 163.359085083 0.092867948 0.995672524 0.003427929 -1.071630836 -0.953418016 0.089918129 -0.287938893 -0.578399658
-0.290651321 0.024569239 0.956513524 165.451019287 0.093388706 0.995625794 0.002803706 -1.080888510 -0.952260613 0.090142451 -0.291674465 -1.199661255
-0.294192076 0.025141489 0.955415606 167.530319214 0.092893705 0.995673120 0.002403026 -1.092973828 -0.951221228 0.089459032 -0.295254648 -1.833923340
-0.297811329 0.025365828 0.954287648 169.628982544 0.093488052 0.995616734 0.002711083 -1.102895975 -0.950035989 0.090021871 -0.298877299 -2.481006622
-0.302071661 0.025651986 0.952940047 171.729690552 0.093046859 0.995658100 0.002692939 -1.109030604 -0.948733270 0.089481547 -0.303146958 -3.132354736
-0.306138784 0.027170628 0.951599061 173.850219727 0.095818415 0.995395899 0.002404585 -1.113704205 -0.947152495 0.091916867 -0.307332724 -3.808582306
-0.309008092 0.027265826 0.950668633 175.950378418 0.097716928 0.995209038 0.003218916 -1.124402165 -0.946026027 0.093891069 -0.310191989 -4.495086670
-0.311671078 0.026989302 0.949806631 178.011962891 0.098502696 0.995128572 0.004045684 -1.130335093 -0.945070505 0.094819434 -0.312811375 -5.161655426
-0.314281076 0.026902862 0.948948681 180.117294312 0.098839566 0.995093107 0.004523471 -1.134435415 -0.944170654 0.095215321 -0.315397888 -5.864913940
-0.316925079 0.027357280 0.948055923 182.203033447 0.097845897 0.995193601 0.003991351 -1.143666029 -0.943390012 0.094028331 -0.318078607 -6.561332703
-0.319945693 0.029199708 0.946985841 184.321426392 0.096957281 0.995286405 0.002068657 -1.150848985 -0.942461789 0.092479013 -0.321268737 -7.274398804
-0.323303044 0.031295553 0.945777833 186.450881958 0.096634626 0.995319843 0.000098515 -1.160609007 -0.941348433 0.091426715 -0.324814200 -7.997123718
-0.326018155 0.032039195 0.944820404 188.569305420 0.095857181 0.995394886 -0.000677867 -1.183760285 -0.940491140 0.090346821 -0.327588052 -8.730663300
-0.329761595 0.033217065 0.943479598 190.736389160 0.094457082 0.995526850 -0.002035190 -1.196824670 -0.939326942 0.088447213 -0.331424087 -9.471885681
-0.333107471 0.033361815 0.942298472 192.874191284 0.095053725 0.995470703 -0.001642376 -1.216139078 -0.938085377 0.089021906 -0.334769875 -10.235202789
-0.337484628 0.032517493 0.940769255 195.058151245 0.094538234 0.995521247 -0.000496027 -1.231243849 -0.936571777 0.088771261 -0.339047194 -10.996078491
-0.340826601 0.032088358 0.939578414 197.221389771 0.094640628 0.995511472 0.000331760 -1.248065352 -0.935350418 0.089035347 -0.342333704 -11.783302307
-0.345009953 0.031644825 0.938065410 199.389068604 0.094119065 0.995560408 0.001031569 -1.265160561 -0.933868170 0.088645741 -0.346456617 -12.570133209
-0.348943442 0.032100383 0.936593831 201.554870605 0.093403950 0.995628059 0.000675490 -1.278112769 -0.932477415 0.087717287 -0.350416183 -13.361839294
-0.352612138 0.033062704 0.935185194 203.721130371 0.093221664 0.995645404 -0.000050937 -1.294970036 -0.931114554 0.087161563 -0.354158849 -14.178424835
-0.356052995 0.033430483 0.933867574 205.903701782 0.092762575 0.995688140 -0.000276211 -1.315810561 -0.929850161 0.086529627 -0.357618898 -14.999767303
-0.358836859 0.034210201 0.932773173 208.044647217 0.094075762 0.995564997 -0.000322285 -1.340223551 -0.928647339 0.087635696 -0.360463768 -15.817714691
-0.361324936 0.033811666 0.931826711 210.192352295 0.094914719 0.995485187 0.000682586 -1.360716105 -0.927596569 0.088690698 -0.362902880 -16.650714874
-0.363769531 0.033503909 0.930886269 212.373168945 0.096145071 0.995365798 0.001746727 -1.376783133 -0.926513970 0.090135515 -0.365304977 -17.508655548
-0.366350234 0.034305405 0.929844439 214.561752319 0.097714424 0.995212913 0.001781504 -1.395473957 -0.925332010 0.091511875 -0.367948592 -18.373416901
-0.369106561 0.035519261 0.928708076 216.754745483 0.098198973 0.995166242 0.000967266 -1.414435148 -0.924184680 0.091555201 -0.370810390 -19.239269257
-0.371975124 0.035561282 0.927561224 218.934799194 0.097327232 0.995252073 0.000874198 -1.436300039 -0.923126161 0.090602130 -0.373670191 -20.106483459
-0.374794334 0.036594849 0.926385403 221.115295410 0.096847557 0.995299220 -0.000134834 -1.462015152 -0.922035575 0.089667641 -0.376576573 -20.984951019
-0.377471805 0.037922665 0.925244212 223.295211792 0.097025923 0.995281100 -0.001209582 -1.483878970 -0.920924008 0.089316107 -0.379370093 -21.876926422
-0.379894018 0.037813079 0.924256861 225.469421387 0.094734535 0.995501101 -0.001789411 -1.508702517 -0.920166254 0.086879268 -0.381767064 -22.760787964
-0.382815182 0.039158244 0.922994673 227.651824951 0.096143425 0.995364726 -0.002352746 -1.531867504 -0.918808460 0.087839209 -0.384805530 -23.664146423
-0.385229021 0.038873788 0.922001898 229.817367554 0.097848058 0.995200634 -0.001077347 -1.559225798 -0.917618871 0.089801058 -0.387183875 -24.572250366
-0.387956470 0.037988864 0.920894384 231.985549927 0.098356083 0.995151222 0.000383555 -1.585126638 -0.916414678 0.090724356 -0.389811754 -25.480167389
-0.391242564 0.037568249 0.919520378 234.127456665 0.097089134 0.995275497 0.000646689 -1.602940559 -0.915151775 0.089528471 -0.393041611 -26.378650665
-0.394136190 0.037903756 0.918270111 236.262283325 0.096052341 0.995376408 0.000140707 -1.630306125 -0.914018929 0.088257454 -0.395954579 -27.296295166
-0.397773087 0.037229612 0.916728139 238.453964233 0.094186559 0.995554447 0.000437175 -1.650876760 -0.912636697 0.086517349 -0.399511367 -28.233123779
-0.401564866 0.036657821 0.915096641 240.628906250 0.093672164 0.995602369 0.001222634 -1.677278519 -0.911027551 0.086210035 -0.403232723 -29.170906067
-0.405190438 0.036734369 0.913494170 242.784744263 0.093000807 0.995665312 0.001212801 -1.694486618 -0.909489751 0.085447103 -0.406850368 -30.119560242
-0.408961266 0.036642492 0.911815703 244.934982300 0.092468187 0.995714486 0.001459099 -1.715843916 -0.907854795 0.084910661 -0.410596907 -31.066383362
-0.412952602 0.035900239 0.910044670 247.089019775 0.091360331 0.995815516 0.002172946 -1.740296245 -0.906158626 0.084039301 -0.414504468 -32.025276184
-0.416501641 0.036400978 0.908405960 249.213012695 0.091165341 0.995833993 0.001894733 -1.752503157 -0.904552519 0.083604276 -0.418085009 -32.997459412
-0.419987112 0.037100874 0.906771421 251.377166748 0.091353230 0.995817304 0.001567628 -1.777417421 -0.902920485 0.083494879 -0.421619654 -33.986289978
-0.422782868 0.037477262 0.905455649 253.441604614 0.091936141 0.995763361 0.001712434 -1.801559806 -0.901555538 0.083968066 -0.424437284 -34.962837219
-0.426848173 0.037435211 0.903548300 255.592620850 0.091704853 0.995784104 0.002065907 -1.818018198 -0.899661541 0.083741561 -0.428481609 -35.951133728
-0.430637181 0.037518132 0.901744902 257.741394043 0.090249904 0.995917737 0.001663438 -1.842023134 -0.898001432 0.082098752 -0.432265192 -36.965820312
-0.434193999 0.038170420 0.900010288 259.894378662 0.091255240 0.995825946 0.001790414 -1.856426477 -0.896185279 0.082908042 -0.435864955 -38.002334595
-0.437722385 0.038609378 0.898280799 262.029296875 0.091601394 0.995794058 0.001835737 -1.876112103 -0.894431829 0.083087333 -0.439418107 -39.028343201
-0.441010833 0.040171940 0.896602273 264.165740967 0.093299508 0.995637178 0.001281969 -1.884585500 -0.892639041 0.084217913 -0.442834884 -40.073348999
-0.444446087 0.042359825 0.894803524 266.309692383 0.095440254 0.995435119 0.000281169 -1.898187876 -0.890706956 0.085525259 -0.446460009 -41.138336182
-0.447427213 0.043045565 0.893283784 268.451263428 0.097034104 0.995280862 0.000641765 -1.921672344 -0.889040649 0.086966135 -0.449492693 -42.210479736
-0.449748665 0.045651019 0.891987741 270.573242188 0.099372625 0.995049953 -0.000821009 -1.935304403 -0.887609839 0.088269912 -0.452058852 -43.292404175
-0.452560961 0.047593672 0.890462399 272.700561523 0.100753896 0.994909346 -0.001969896 -1.961913943 -0.886023283 0.088826075 -0.455052376 -44.352737427
-0.455779940 0.048689283 0.888759732 274.856445312 0.102110878 0.994770885 -0.002131709 -1.980355501 -0.884216070 0.089780480 -0.458368212 -45.430847168
-0.459118128 0.049046099 0.887020350 277.036163330 0.101979263 0.994784057 -0.002220636 -2.005949497 -0.882502496 0.089438133 -0.461724967 -46.544204712
-0.462654054 0.049666066 0.885146618 279.205627441 0.101422548 0.994839609 -0.002808802 -2.017621517 -0.880718291 0.088474311 -0.465303779 -47.665725708
-0.466234505 0.050750911 0.883204222 281.383941650 0.102273077 0.994751155 -0.003171729 -2.043226004 -0.878729522 0.088849247 -0.468977898 -48.797264099
-0.469167024 0.051063269 0.881631911 283.551818848 0.101440810 0.994834900 -0.003637394 -2.057896852 -0.877263963 0.087726928 -0.471923649 -49.960151672
-0.471914828 0.050840635 0.880177081 285.708007812 0.099843219 0.994995296 -0.003940916 -2.077083588 -0.875972450 0.086019926 -0.474629104 -51.100067139
-0.473962277 0.051969413 0.879010201 287.859100342 0.102145538 0.994762361 -0.003736119 -2.096333027 -0.874600410 0.088016190 -0.476788342 -52.277740479
-0.476236671 0.051920477 0.877782941 290.061584473 0.103369839 0.994639099 -0.002749675 -2.119172573 -0.873220086 0.089426786 -0.479050726 -53.455497742
-0.478136927 0.051490109 0.876774669 292.231140137 0.103500329 0.994627476 -0.001968741 -2.127785683 -0.872165561 0.089805156 -0.480897427 -54.649459839
-0.479732096 0.050986148 0.875932395 294.408966064 0.103568278 0.994621575 -0.001172355 -2.149528503 -0.871281087 0.090156384 -0.482432485 -55.842521667
-0.482456118 0.050277319 0.874476016 296.626739502 0.102585018 0.994724035 -0.000593820 -2.157364845 -0.869892180 0.089421660 -0.485068411 -57.044258118
-0.485621691 0.050842930 0.872689247 298.871276855 0.104002252 0.994576991 -0.000070433 -2.163851023 -0.867960334 0.090727456 -0.488275975 -58.277763367
-0.488038599 0.050073586 0.871384501 301.082489014 0.103528559 0.994626164 0.000827909 -2.176479578 -0.866660357 0.090617217 -0.490599990 -59.501426697
-0.489930660 0.051368330 0.870246649 303.316406250 0.103432178 0.994636536 -0.000480549 -2.184467077 -0.865603685 0.089776099 -0.492615998 -60.748512268
-0.492565662 0.054079387 0.868593395 305.547210693 0.103286251 0.994646013 -0.003355525 -2.202451944 -0.864124417 0.088060960 -0.495514125 -62.010086060
-0.496214628 0.052543938 0.866608441 307.773040771 0.101092681 0.994874179 -0.002435864 -2.231101513 -0.862294137 0.086399063 -0.498982817 -63.268592834
-0.500539541 0.050807551 0.864221513 309.985412598 0.099111766 0.995075703 -0.001096947 -2.252445221 -0.860021532 0.085105456 -0.503110349 -64.528121948
-0.505673230 0.048374750 0.861367822 312.218170166 0.096439004 0.995338619 0.000716721 -2.265229702 -0.857317984 0.083431877 -0.507981300 -65.809791565
-0.509900808 0.047339529 0.858929634 314.422424316 0.096055940 0.995373607 0.002163720 -2.281943321 -0.854853451 0.083608560 -0.512089074 -67.127784729
-0.514627099 0.047636855 0.856089771 316.683563232 0.095945865 0.995383859 0.002288761 -2.278985977 -0.852028966 0.083316118 -0.516822100 -68.463668823
-0.518803000 0.049605712 0.853453398 318.928100586 0.099562235 0.995027721 0.002688061 -2.291896582 -0.849076331 0.086366311 -0.521162271 -69.824409485
-0.522890687 0.049909603 0.850937366 321.191986084 0.099773906 0.995005786 0.002950278 -2.303258419 -0.846540332 0.086444013 -0.525258899 -71.207626343
-0.526252151 0.050243303 0.848842919 323.409912109 0.101019546 0.994877338 0.003741353 -2.317140102 -0.844306648 0.087718613 -0.528631926 -72.590126038
-0.531601667 0.049524292 0.845545411 325.666595459 0.101986989 0.994768500 0.005855683 -2.326305151 -0.840831935 0.089347504 -0.533871412 -73.985374451
-0.534709990 0.047479238 0.843700767 327.893096924 0.099921696 0.994968235 0.007335298 -2.325345516 -0.839107215 0.088226266 -0.536763668 -75.412948608
-0.539549232 0.046937801 0.840644658 330.147369385 0.098860100 0.995070040 0.007890971 -2.332927465 -0.836129963 0.087363794 -0.541529536 -76.821006775
-0.543925941 0.047277588 0.837800324 332.380615234 0.099226400 0.995030522 0.008270682 -2.336837053 -0.833245873 0.087630548 -0.545914114 -78.249603271
-0.547900796 0.047322597 0.835203707 334.583679199 0.100360200 0.994906068 0.009465817 -2.336266041 -0.830501378 0.089007534 -0.549859226 -79.677818298
-0.552117825 0.046856921 0.832448423 336.834167480 0.100080468 0.994925261 0.010375500 -2.327284813 -0.827737749 0.089040309 -0.554005444 -81.162696838
-0.555286527 0.045390170 0.830419540 339.068084717 0.098543398 0.995066166 0.011504536 -2.331255436 -0.825800300 0.088220686 -0.557019770 -82.664459229
-0.558820844 0.044593934 0.828088641 341.300567627 0.098291062 0.995076120 0.012743484 -2.320979595 -0.823442817 0.088515028 -0.560452342 -84.156814575
-0.561117887 0.044325557 0.826548219 343.509918213 0.099125624 0.994977355 0.013935344 -2.311137199 -0.821779072 0.089751482 -0.562693417 -85.656997681
-0.563868523 0.043571033 0.824714363 345.730468750 0.096800558 0.995210826 0.013605258 -2.300884724 -0.820171773 0.087504409 -0.565385818 -87.173416138
-0.567350507 0.043109383 0.822347164 347.905822754 0.093593828 0.995533466 0.012383671 -2.292520523 -0.818140209 0.083992496 -0.568851292 -88.651382446
-0.571105361 0.042174537 0.819792628 350.077911377 0.089340962 0.995940328 0.011002515 -2.276079893 -0.816000521 0.079524659 -0.572554767 -90.112678528
-0.573876083 0.039293654 0.817998946 352.236755371 0.087180637 0.996103525 0.013313383 -2.275250435 -0.814288497 0.078953899 -0.575065672 -91.628494263
-0.577779353 0.038715355 0.815274239 354.427398682 0.087815858 0.996024668 0.014935756 -2.266219616 -0.811454952 0.080223560 -0.578882396 -93.144653320
-0.580339968 0.038742989 0.813452184 356.618621826 0.087057956 0.996095240 0.014667730 -2.259648800 -0.809707642 0.079329744 -0.581446767 -94.703575134
-0.583962083 0.037787076 0.810900867 358.825134277 0.085309647 0.996241331 0.015011134 -2.247685432 -0.807285905 0.077943601 -0.584990740 -96.259239197
-0.587687969 0.033518784 0.808393002 361.018188477 0.082397901 0.996426165 0.018586589 -2.239073753 -0.804880917 0.077533007 -0.588349581 -97.818351746
-0.591643929 0.031525388 0.805582702 363.225036621 0.080294617 0.996571064 0.019971296 -2.212737560 -0.802190721 0.076499850 -0.592146635 -99.392723083
-0.594964743 0.030628135 0.803168118 365.427093506 0.079002507 0.996663272 0.020515952 -2.187230110 -0.799859703 0.075658560 -0.595399082 -100.988410950
-0.598134398 0.030683711 0.800808191 367.612609863 0.078279369 0.996725082 0.020277452 -2.160258770 -0.797563493 0.074815392 -0.598577559 -102.579666138
-0.601274073 0.030069510 0.798476875 369.774078369 0.078103594 0.996718109 0.021279054 -2.140557289 -0.795216501 0.075158462 -0.601649284 -104.171432495
-0.603978097 0.029015774 0.796472669 371.927642822 0.077363752 0.996752322 0.022354156 -2.118347168 -0.793237209 0.075119533 -0.604261220 -105.780899048
-0.606739640 0.027758028 0.794415891 374.078430176 0.074382529 0.996987641 0.021973902 -2.094558239 -0.791412711 0.072423100 -0.606976569 -107.394691467
-0.609917343 0.024099730 0.792098463 376.226379395 0.064364500 0.997741640 0.019204320 -2.073170662 -0.789847016 0.062696069 -0.610090971 -109.007682800
-0.613583028 0.026844535 0.789173722 378.393951416 0.056875732 0.998328507 0.010261758 -2.063871384 -0.787579179 0.051181275 -0.614084244 -110.640510559
-0.616218626 0.036705833 0.786719322 380.529296875 0.066570178 0.997766018 0.005590239 -2.067477226 -0.784756660 0.055816855 -0.617285550 -112.295112610
-0.617293954 0.037815526 0.785823226 382.666656494 0.074065976 0.997201204 0.010194146 -2.073490620 -0.783238411 0.064495541 -0.618367136 -113.956230164
-0.619274735 0.028474152 0.784658015 384.807464600 0.073124848 0.997090399 0.021529214 -2.055889130 -0.781761825 0.070710488 -0.619554937 -115.632049561
-0.623364329 0.017615065 0.781733096 386.970367432 0.066700444 0.997300148 0.030715303 -2.012845993 -0.779081523 0.071288764 -0.622856259 -117.293273926
-0.626838803 0.011648926 0.779061913 389.079559326 0.060884375 0.997563124 0.034071930 -1.958786011 -0.776766539 0.068790302 -0.626020491 -118.944480896
-0.629371047 0.011439519 0.777020752 391.167022705 0.059878353 0.997632742 0.033812817 -1.899608612 -0.774794579 0.067807525 -0.628566206 -120.614128113
-0.632211208 0.016435765 0.774621785 393.273956299 0.065220810 0.997355402 0.032068595 -1.853631020 -0.772046149 0.070795581 -0.631611228 -122.305099487
-0.633355618 0.022830278 0.773523986 395.324890137 0.069600940 0.997194231 0.027556911 -1.803112984 -0.770724475 0.071291327 -0.633167684 -123.987060547
-0.636294067 0.026082674 0.771005452 397.414611816 0.070990749 0.997167230 0.024853531 -1.765120506 -0.768173218 0.070548408 -0.636343300 -125.690620422
-0.639719307 0.026302820 0.768158376 399.501861572 0.071027674 0.997160733 0.025007386 -1.722805023 -0.765319705 0.070558205 -0.639771283 -127.408599854
-0.642811716 0.025634427 0.765595078 401.557617188 0.071911886 0.997045636 0.026994824 -1.682797432 -0.762641311 0.072407983 -0.642755985 -129.106475830
-0.644861162 0.025111645 0.763887107 403.605895996 0.072473258 0.996965706 0.028407002 -1.634554863 -0.760855913 0.073679961 -0.644724429 -130.827636719
-0.646713257 0.025453102 0.762308419 405.662933350 0.072982863 0.996922195 0.028629111 -1.590472221 -0.759233475 0.074150264 -0.646580398 -132.543579102
-0.648083866 0.025427276 0.761144400 407.719146729 0.073202401 0.996894658 0.029026017 -1.550423622 -0.758042693 0.074528880 -0.647932649 -134.276885986
-0.649429917 0.026196202 0.759970129 409.776245117 0.074031703 0.996836901 0.028902531 -1.501714706 -0.756809175 0.075032055 -0.649315119 -136.023406982
-0.650490999 0.025355114 0.759090543 411.817535400 0.074807055 0.996721864 0.030812304 -1.449583054 -0.755820870 0.076828465 -0.650255442 -137.763854980
-0.651229084 0.024825292 0.758475006 413.852935791 0.076799557 0.996489406 0.033324700 -1.397902489 -0.754985154 0.079952553 -0.650849402 -139.514617920
-0.652642369 0.024547800 0.757268310 415.894439697 0.078484021 0.996288598 0.035344567 -1.338959694 -0.753590107 0.082500830 -0.652146816 -141.262847900
-0.654354632 0.024784276 0.755781591 417.925354004 0.077043787 0.996446788 0.034028001 -1.277255058 -0.752252817 0.080494642 -0.653939068 -142.994354248
-0.656719863 0.024780082 0.753727257 419.947570801 0.072944552 0.996860802 0.030782813 -1.221531868 -0.750598550 0.075195976 -0.656466007 -144.714553833
-0.658457100 0.024190504 0.752229393 421.956359863 0.070051804 0.997114301 0.029253587 -1.170341492 -0.749351025 0.071957253 -0.658251584 -146.445053101
-0.659526706 0.023308711 0.751319706 423.961181641 0.069645807 0.997114420 0.030202596 -1.125954628 -0.748447835 0.072245672 -0.659246922 -148.180206299
-0.660576880 0.022028193 0.750435174 425.972869873 0.066995077 0.997311234 0.029698007 -1.072222710 -0.747763216 0.069893278 -0.660276532 -149.930816650
-0.662322998 0.020948501 0.748925447 428.004760742 0.063679889 0.997565746 0.028412906 -1.020873070 -0.746507227 0.066509999 -0.662044823 -151.685623169
-0.662953377 0.020087434 0.748391211 430.004028320 0.062310863 0.997652054 0.028419528 -0.975992203 -0.746063113 0.065473706 -0.662648499 -153.432434082
-0.662990093 0.018764295 0.748392999 431.993072510 0.063707925 0.997473598 0.031428467 -0.932187080 -0.745912492 0.068515345 -0.662510514 -155.195358276
-0.662624121 0.018293502 0.748728752 433.966156006 0.066987656 0.997142494 0.034921072 -0.873956680 -0.745950341 0.073295124 -0.661956191 -156.943359375
-0.661992669 0.017129768 0.749314547 435.975036621 0.071758293 0.996594846 0.040613160 -0.804801941 -0.746067345 0.080655143 -0.660967708 -158.716659546
-0.660715640 0.016145062 0.750462592 437.975158691 0.074893765 0.996197879 0.044505622 -0.724662781 -0.746890604 0.085610546 -0.659412742 -160.465301514
-0.659249067 0.013559799 0.751802385 439.956939697 0.069087848 0.996700346 0.042605665 -0.643751144 -0.748744011 0.080028154 -0.658010602 -162.179840088
-0.659597397 0.012419706 0.751516640 441.975921631 0.061471183 0.997405291 0.037469223 -0.570547104 -0.749101162 0.070911221 -0.658649266 -163.891418457
-0.657789886 0.010318386 0.753130734 443.981933594 0.056747455 0.997743070 0.035893898 -0.506808281 -0.751060724 0.066348895 -0.656890810 -165.633270264
-0.655223787 0.010735548 0.755358577 445.991027832 0.055705316 0.997863591 0.034138538 -0.443675041 -0.753378212 0.064445876 -0.654421866 -167.357238770
-0.653201818 0.011349381 0.757098734 448.014007568 0.058020983 0.997697949 0.035102617 -0.385367393 -0.754957616 0.066856697 -0.652356565 -169.084304810
-0.650376320 0.011210088 0.759529591 450.035583496 0.058575731 0.997653961 0.035433095 -0.322902679 -0.757350326 0.067534842 -0.649506986 -170.813781738
-0.647901952 0.011877934 0.761631072 452.036804199 0.055823945 0.997930110 0.031925034 -0.263668060 -0.759675205 0.063201554 -0.647224009 -172.498504639
-0.647058129 0.006688739 0.762411356 454.061828613 0.048522823 0.998295665 0.032423094 -0.207798004 -0.760895073 0.057973977 -0.646279871 -174.178588867
-0.646045148 0.000559043 0.763298988 456.093658447 0.040236935 0.998634219 0.033324555 -0.155267715 -0.762237906 0.052241974 -0.645185351 -175.868011475
-0.645382166 -0.003027967 0.763853848 458.137573242 0.032576177 0.998973250 0.031483699 -0.097654343 -0.763164878 0.045202456 -0.644620895 -177.561111450
-0.644582391 -0.003185926 0.764528215 460.171936035 0.031076366 0.999055624 0.030364074 -0.044039726 -0.763903022 0.043330904 -0.643874705 -179.249084473
-0.643426716 -0.003039238 0.765501618 462.206817627 0.033562984 0.998918653 0.032176651 0.001632690 -0.764771461 0.046395831 -0.642628908 -180.941223145
-0.641639233 -0.003789435 0.766997218 464.258697510 0.035304703 0.998781979 0.034469098 0.060886383 -0.766193628 0.049195334 -0.640723944 -182.646545410
-0.640066326 -0.005837169 0.768297493 466.281860352 0.033597432 0.998802125 0.035578359 0.128627777 -0.767584741 0.048585340 -0.639103413 -184.324249268
-0.638855577 -0.006055995 0.769302845 468.348510742 0.032080818 0.998889506 0.034504320 0.192354202 -0.768657506 0.046723150 -0.637951910 -186.027297974
-0.637959540 -0.005637579 0.770049274 470.382324219 0.029860411 0.999040067 0.032052375 0.248442650 -0.769490719 0.043442100 -0.637178779 -187.683746338
-0.636499882 -0.003810767 0.771267414 472.420654297 0.031325158 0.999034941 0.030787708 0.300175667 -0.770640433 0.043756451 -0.635766268 -189.367858887
-0.635270357 -0.003048510 0.772283792 474.446838379 0.033191539 0.998960376 0.031246210 0.356675148 -0.771576226 0.045483075 -0.634508789 -191.018707275
